-7.0	6.0
-105.0	56.0
-128.0	71.0
-130.0	74.0
-130.0	99.0
-125.0	121.0
-118.0	136.0
-105.0	164.0
-96.0	179.0
-89.0	185.0
-74.0	195.0
-63.0	200.0
-54.0	203.0
-48.0	206.0
-42.0	207.0
-35.0	207.0
-28.0	207.0
-21.0	207.0
-17.0	206.0
-7.0	204.0
-1.0	200.0
8.0	190.0
15.0	180.0
19.0	169.0
23.0	162.0
24.0	155.0
25.0	150.0
27.0	147.0
28.0	140.0
31.0	132.0
33.0	126.0
36.0	118.0
39.0	110.0
40.0	103.0
43.0	94.0
47.0	86.0
49.0	82.0
53.0	80.0
61.0	74.0
67.0	73.0
76.0	73.0
83.0	76.0
88.0	83.0
93.0	92.0
94.0	98.0
95.0	108.0
95.0	115.0
95.0	119.0
95.0	123.0
91.0	129.0
87.0	140.0
83.0	145.0
77.0	152.0
72.0	159.0
67.0	166.0
59.0	180.0
51.0	195.0
45.0	215.0
43.0	232.0
47.0	249.0
57.0	260.0
66.0	261.0
73.0	261.0
75.0	260.0
79.0	260.0
87.0	256.0
91.0	253.0
97.0	248.0
102.0	242.0
115.0	219.0
123.0	206.0
125.0	196.0
136.0	164.0
143.0	145.0
146.0	135.0
148.0	125.0
149.0	117.0
149.0	111.0
149.0	89.0
144.0	68.0
139.0	54.0
132.0	44.0
121.0	36.0
105.0	23.0
89.0	18.0
65.0	13.0
39.0	-0.0
14.0	-16.0
-5.0	-31.0
-25.0	-47.0
-33.0	-53.0
-42.0	-58.0
-51.0	-62.0
-58.0	-63.0
-84.0	-54.0
-125.0	-28.0
-154.0	-6.0
-168.0	4.0
-176.0	13.0
-186.0	28.0
-193.0	43.0
-200.0	68.0
-202.0	96.0
-202.0	138.0
-198.0	168.0
-192.0	188.0
-175.0	231.0
-159.0	258.0
-141.0	279.0
-116.0	284.0
-81.0	272.0
-64.0	271.0
-52.0	273.0
-39.0	280.0
-22.0	293.0
-13.0	297.0
0.0	301.0
13.0	304.0
25.0	306.0
41.0	308.0
56.0	307.0
79.0	303.0
86.0	299.0
91.0	293.0
93.0	289.0
98.0	282.0
100.0	280.0
101.0	276.0
115.0	266.0
128.0	259.0
135.0	256.0
139.0	253.0
143.0	250.0
148.0	247.0
153.0	244.0
157.0	240.0
162.0	236.0
165.0	234.0
169.0	230.0
175.0	219.0
183.0	197.0
189.0	185.0
197.0	171.0
206.0	153.0
216.0	123.0
219.0	97.0
216.0	72.0
192.0	16.0
163.0	-27.0
127.0	-71.0
97.0	-86.0
43.0	-96.0
-5.0	-106.0
-36.0	-108.0
-49.0	-108.0
-65.0	-108.0
-71.0	-108.0
-82.0	-108.0
-93.0	-108.0
-98.0	-108.0
-105.0	-108.0
-109.0	-108.0
-113.0	-108.0
-121.0	-105.0
-132.0	-99.0
-137.0	-95.0
-145.0	-88.0
-149.0	-83.0
-156.0	-78.0
-163.0	-72.0
-169.0	-68.0
-173.0	-63.0
-178.0	-58.0
-181.0	-56.0
-205.0	-39.0
-214.0	-28.0
-222.0	-14.0
-232.0	4.0
-238.0	23.0
-241.0	36.0
-245.0	53.0
-247.0	68.0
-249.0	90.0
-249.0	112.0
-241.0	147.0
-233.0	169.0
-233.0	186.0
-225.0	220.0
-215.0	242.0
-203.0	260.0
-189.0	264.0
-156.0	258.0
-134.0	252.0
-125.0	251.0
-114.0	248.0
-105.0	248.0
-98.0	244.0
-81.0	224.0
-62.0	164.0
-46.0	128.0
-19.0	111.0
19.0	82.0
45.0	62.0
66.0	43.0
98.0	4.0
113.0	-51.0
127.0	-105.0
113.0	-124.0
102.0	-144.0
98.0	-145.0
55.0	-164.0
25.0	-165.0
3.0	-155.0
-10.0	-140.0
-21.0	-106.0
-26.0	-73.0
-26.0	-17.0
-9.0	26.0
20.0	53.0
63.0	71.0
83.0	71.0
93.0	72.0
99.0	73.0
105.0	75.0
116.0	76.0
118.0	79.0
145.0	107.0
155.0	123.0
164.0	140.0
171.0	156.0
177.0	162.0
180.0	167.0
184.0	171.0
190.0	178.0
195.0	182.0
199.0	185.0
202.0	188.0
213.0	195.0
232.0	200.0
245.0	198.0
249.0	195.0
255.0	188.0
262.0	173.0
271.0	124.0
277.0	76.0
278.0	58.0
279.0	28.0
275.0	16.0
263.0	8.0
239.0	-106.0
235.0	-140.0
235.0	-148.0
235.0	-152.0
235.0	-155.0
